-0.7378317850070061
-0.6756010198292055
-0.6756010198292055
-0.6133702546514052
-0.17775489840680173
-0.36444719394020314
-0.4266779591180037
-0.23998566358460224
-0.11552413322900118
0.13339892748220064
0.13339892748220064
0.13339892748220064
0.1956296926600012
0.1956296926600012
0.5690142837268038
0.9423988747936067
0.44455275337120304
0.5067835185490036
0.9423988747936067
0.8801681096158062
0.6312450489046043
0.6934758140824049
0.6312450489046043
0.5067835185490036
0.44455275337120304
0.7557065792602053
0.5690142837268038
0.13339892748220064
0.32009122301560194
0.5690142837268038
0.32009122301560194
-0.11552413322900118
-0.17775489840680173
-0.23998566358460224
-0.6133702546514052
-0.7378317850070061
-0.9867548457182079
-1.2979086716072104
-1.4223702019628113
-1.1112163760738087
-0.9867548457182079
-1.2979086716072104
-1.3601394367850106
-1.0489856108960085
-0.8000625501848064
-0.9245240805404075
-0.48890872429580406
-0.3022164287624028
-0.11552413322900118
0.008937397126599595
0.44455275337120304
0.5067835185490036
-0.05329336805120093
-0.23998566358460224
-0.17775489840680173
-0.17775489840680173
-0.11552413322900118
0.008937397126599595
-0.23998566358460224
-0.4266779591180037
-0.36444719394020314
-0.23998566358460224
-0.48890872429580406
-0.5511394894736046
-0.17775489840680173
0.5067835185490036
0.5690142837268038
0.44455275337120304
0.13339892748220064
0.008937397126599595
0.6312450489046043
0.9423988747936067
0.6934758140824049
0.44455275337120304
0.3823219881934025
0.5067835185490036
0.8801681096158062
0.3823219881934025
0.13339892748220064
0.6312450489046043
1.0668604051492074
2.0625526479940155
1.6891680569272123
0.8801681096158062
0.8179373444380059
1.3157834658604095
1.0046296399714072
0.8179373444380059
0.8801681096158062
1.2535527006826093
1.37801423103821
1.2535527006826093
0.9423988747936067
-0.6133702546514052
-1.23567790642941
-0.7378317850070061
-0.23998566358460224
-0.6133702546514052
-0.36444719394020314
0.008937397126599595
-0.11552413322900118
0.008937397126599595
0.008937397126599595
-0.23998566358460224
-0.5511394894736046
0.13339892748220064
0.8179373444380059
1.502475761393811
1.3157834658604095
1.502475761393811
1.3157834658604095
1.2535527006826093
1.3157834658604095
1.502475761393811
2.2492449435274167
2.7470910649498204
2.560398769416419
2.1870141783496164
1.1290911703270083
-0.9867548457182079
-1.795754793029614
-1.795754793029614
-1.6090624974962129
-2.1069086189186166
-2.4180624448076187
-2.853677801052222
-2.9159085662300224
-3.413754687652427
-2.9159085662300224
-2.729216270696621
-1.795754793029614
0.008937397126599595
0.7557065792602053
0.7557065792602053
0.44455275337120304
0.6312450489046043
0.6312450489046043
0.44455275337120304
-0.36444719394020314
-0.23998566358460224
-0.3022164287624028
-0.36444719394020314
-0.36444719394020314
-0.5511394894736046
-0.3022164287624028
-0.23998566358460224
0.13339892748220064
0.5690142837268038
0.9423988747936067
1.2535527006826093
1.2535527006826093
1.2535527006826093
1.3157834658604095
1.4402449962160107
1.0668604051492074
1.0046296399714072
0.6312450489046043
0.5690142837268038
0.5067835185490036
0.2578604578378014
-0.05329336805120093
-0.5511394894736046
-0.5511394894736046
-0.6133702546514052
-0.4266779591180037
-0.23998566358460224
-0.11552413322900118
-0.4266779591180037
-0.4266779591180037
-0.5511394894736046
-0.23998566358460224
-0.6133702546514052
-0.9867548457182079
-0.7378317850070061
-0.4266779591180037
-0.36444719394020314
-0.6756010198292055
-0.9867548457182079
-1.1734471412516094
-0.9245240805404075
-0.7378317850070061
-0.6756010198292055
-1.0489856108960085
-0.7378317850070061
-0.4266779591180037
-0.23998566358460224
-0.3022164287624028
-0.36444719394020314
